10.742328 0.09377554545454543 3.623268909090909 0.20574690909090912 4.401448636363636
10.742328 0.09377554545454543 3.623268909090909 0.20574690909090912 4.401448636363636
10.742328 0.09377554545454543 3.623268909090909 0.20574690909090912 4.401448636363636
10.742328 0.09377554545454543 3.623268909090909 0.20574690909090912 4.401448636363636
10.742328 0.09377554545454543 3.623268909090909 0.20574690909090912 4.401448636363636
10.742328 0.09377554545454543 3.623268909090909 0.20574690909090912 4.401448636363636
10.742328 0.09377554545454543 3.623268909090909 0.20574690909090912 4.401448636363636
10.742328 0.09377554545454543 3.623268909090909 0.20574690909090912 4.401448636363636
10.742328 0.09377554545454543 3.623268909090909 0.20574690909090912 4.401448636363636
10.742328 0.09377554545454543 3.623268909090909 0.20574690909090912 4.401448636363636
