52.02881525 0.26281525 18.80229725 1.06430225 20.54517275 11.563255
29.05087375 0.15686049999999999 9.52783325 0.55159525 12.41511925 6.5024085000000005
13.87655775 0.10473075 4.83939675 0.26910775 5.5497675 3.164486
7.578057 0.079082 2.48921625 0.13872625 3.1520005 1.74431075
3.80986075 0.06671225 1.2988677499999999 0.07149425 1.51639825 0.8694065
2.0429709999999996 0.0610965 0.693282 0.037226499999999996 0.78149 0.4772185
1.80270275 0.06002925 0.57164675 0.03157775 0.746285 0.39954750000000006
1.67142575 0.05962825 0.4893835 0.0282145 0.71054575 0.389412
1.4704995 0.05953025 0.42994374999999996 0.02391225 0.6045455000000001 0.3582555
1.257796 0.0595155 0.3841545 0.022344249999999996 0.493131 0.30432775
1.15304625 0.059117499999999996 0.34896625000000003 0.020013 0.43983624999999993 0.29041
